observation_date,USACSCICP02STSAM_20200115
1960-01-01,107.5943692280100
1960-02-01,105.1914283188380
1960-03-01,102.7884873989060
1960-04-01,100.3855464897340
1960-05-01,101.7842732896980
1960-06-01,103.1830000896620
1960-07-01,104.5817268896260
1960-08-01,102.0353268143100
1960-09-01,99.4889267497534
1960-10-01,96.9425266744374
1960-11-01,97.4804985205774
1960-12-01,98.0184703667175
1961-01-01,98.5564422128575
1961-02-01,98.8792253205416
1961-03-01,99.2020084282256
1961-04-01,99.5247915359096
1961-05-01,101.9277324450820
1961-06-01,104.3306733650140
1961-07-01,106.7336142741860
1961-08-01,104.5099973065540
1961-09-01,102.2863803496820
1961-10-01,100.0627633820500
1961-11-01,102.5374338742940
1961-12-01,105.0121043665380
1962-01-01,107.4867748587820
1962-02-01,105.8728593203620
1962-03-01,104.2589437819420
1962-04-01,102.6450282435220
1962-05-01,101.2821662297140
1962-06-01,99.9193042266655
1962-07-01,98.5564422128575
1962-08-01,99.7758450605218
1962-09-01,100.9952479189460
1962-10-01,102.2146507666100
1962-11-01,103.4340536142740
1962-12-01,104.6534564726980
1963-01-01,105.8728593203620
1963-02-01,103.4699184111900
1963-03-01,101.0669774912580
1963-04-01,98.6640365820856
1963-05-01,100.3496817035780
1963-06-01,102.0353268143100
1963-07-01,103.7209719358020
1963-08-01,103.0036761373620
1963-09-01,102.2863803496820
1963-10-01,101.5690845512420
1963-11-01,103.3981888281180
1963-12-01,105.2272931049940
1964-01-01,107.0563973818700
1964-02-01,106.6977494880300
1964-03-01,106.3391015834300
1964-04-01,105.9804536895900
1964-05-01,106.7336142741860
1964-06-01,107.4867748587820
1964-07-01,108.2399354433780
1964-08-01,107.9888819510450
1964-09-01,107.7378283511160
1964-10-01,107.4867748587820
1964-11-01,108.2399354433780
1964-12-01,108.9930960279750
1965-01-01,109.7462566125710
1965-02-01,110.9656594279570
1965-03-01,112.1850623509370
1965-04-01,113.4044651663230
1965-05-01,112.6871693356050
1965-06-01,111.9698736124810
1965-07-01,111.2525777817630
1965-08-01,111.0732537971850
1965-09-01,110.8939299202010
1965-10-01,110.7146059356230
1965-11-01,109.6745269972200
1965-12-01,108.6344481664130
1966-01-01,107.5943692280100
1966-02-01,106.0521832726620
1966-03-01,104.5099973065540
1966-04-01,102.9678113512060
1966-05-01,101.3538958127860
1966-06-01,99.7399802743656
1966-07-01,98.1260647359455
1966-08-01,97.0859858298216
1966-09-01,96.0459069344571
1966-10-01,95.0058280283332
1966-11-01,97.0859858298216
1966-12-01,99.1661436420694
1967-01-01,101.2463014435580
1967-02-01,101.8918676589260
1967-03-01,102.5374338742940
1967-04-01,103.1830000896620
1967-05-01,103.5775127804180
1967-06-01,103.9720254604140
1967-07-01,104.3665381511700
1967-08-01,102.8960817681340
1967-09-01,101.4256253958580
1967-10-01,99.9551690128217
1967-11-01,101.4973549681700
1967-12-01,103.0395409342780
1968-01-01,104.5817268896260
1968-02-01,102.8602169819780
1968-03-01,101.1387070743300
1968-04-01,99.4171971666816
1968-05-01,99.4171971666816
1968-06-01,99.4171971666816
1968-07-01,99.4171971666816
1968-08-01,99.1661436420694
1968-09-01,98.9150901066978
1968-10-01,98.6640365820856
1968-11-01,100.9952479189460
1968-12-01,103.3264592450460
1969-01-01,105.6576705819060
1969-02-01,103.2547296727340
1969-03-01,100.8517887528020
1969-04-01,98.4488478436295
1969-05-01,96.6197435667534
1969-06-01,94.7906392898772
1969-07-01,92.9615350130010
1969-08-01,90.5585941038286
1969-09-01,88.1556531838967
1969-10-01,85.7527122747243
1969-11-01,85.1788756424280
1969-12-01,84.6050389993724
1970-01-01,84.0312023670761
1970-02-01,83.0628530440240
1970-03-01,82.0945037209719
1970-04-01,81.1261543979199
1970-05-01,81.9151797686721
1970-06-01,82.7042051501838
1970-07-01,83.4932305209360
1970-08-01,81.6282614579037
1970-09-01,79.7632923841119
1970-10-01,77.8983233210796
1970-11-01,79.9426163364117
1970-12-01,81.9869093517439
1971-01-01,84.0312023670761
1971-02-01,84.7843629516722
1971-03-01,85.5375235362683
1971-04-01,86.2906841208644
1971-05-01,86.9721151223886
1971-06-01,87.6535461346723
1971-07-01,88.3349771361965
1971-08-01,88.2991123500404
1971-09-01,88.2632475531247
1971-10-01,88.2273827669685
1971-11-01,92.1007800591769
1971-12-01,95.9741773513853
1972-01-01,99.8475746435936
1972-02-01,98.3412534744015
1972-03-01,96.8349323052094
1972-04-01,95.3286111360172
1972-05-01,97.6956872590334
1972-06-01,100.0627633820500
1972-07-01,102.4298395050660
1972-08-01,100.8159239666460
1972-09-01,99.2020084282256
1972-10-01,97.5880928898054
1972-11-01,94.4319913960369
1972-12-01,91.2758898915090
1973-01-01,88.1197883977405
1973-02-01,86.3624137039362
1973-03-01,84.6050389993724
1973-04-01,82.8476643055680
1973-05-01,81.0544248148480
1973-06-01,79.2611853348875
1973-07-01,77.4679458441675
1973-08-01,79.0818613825876
1973-09-01,80.6957769210078
1973-10-01,82.3096924594280
1973-11-01,77.0375683672554
1973-12-01,71.7654442750829
1974-01-01,66.4933201829104
1974-02-01,70.1873935228190
1974-03-01,73.8814668734870
1974-04-01,77.5755402133955
1974-05-01,74.8139513996234
1974-06-01,72.0523625966108
1974-07-01,69.2907737828387
1974-08-01,67.5333990890344
1974-09-01,65.7760243844706
1974-10-01,64.0186496906662
1974-11-01,63.3372186891419
1974-12-01,62.6557876768582
1975-01-01,61.9743566753340
1975-02-01,67.4258047198063
1975-03-01,72.8772527535192
1975-04-01,78.3287007979916
1975-05-01,79.3687797041155
1975-06-01,80.4088585994800
1975-07-01,81.4489375056039
1975-08-01,81.4130727194477
1975-09-01,81.3772079225320
1975-10-01,81.3413431363759
1975-11-01,84.5691742132162
1975-12-01,87.7970052900565
1976-01-01,91.0248363668968
1976-02-01,90.5585941038286
1976-03-01,90.0923518300009
1976-04-01,89.6261095669326
1976-05-01,91.9214561068771
1976-06-01,94.2168026575809
1976-07-01,96.5121491975253
1976-08-01,95.5437998744732
1976-09-01,94.5754505514212
1976-10-01,93.6071012283690
1976-11-01,93.6429660145252
1976-12-01,93.6788308114409
1977-01-01,93.7146955975971
1977-02-01,94.8265040760334
1977-03-01,95.9383125652291
1977-04-01,97.0501210436654
1977-05-01,96.6197435667534
1977-06-01,96.1893660898413
1977-07-01,95.7589886129293
1977-08-01,94.1092082883529
1977-09-01,92.4594279530171
1977-10-01,90.8096476284408
1977-11-01,90.1640814130727
1977-12-01,89.5185151977046
1978-01-01,90.0564870438447
1978-02-01,90.7020532592128
1978-03-01,84.7843629516722
1978-04-01,87.7970052900565
1978-05-01,89.1957320900206
1978-06-01,86.0754953824083
1978-07-01,88.6577602438806
1978-08-01,84.3539854747602
1978-09-01,86.5058728593204
1978-10-01,85.3223347978122
1978-11-01,80.6957769210078
1978-12-01,71.1198780597149
1979-01-01,77.5755402133955
1979-02-01,79.5122388594997
1979-03-01,73.5945485519591
1979-04-01,71.0122836904869
1979-05-01,73.2717654442751
1979-06-01,70.7970949520308
1979-07-01,64.9869990137183
1979-08-01,69.3983681520667
1979-09-01,71.7654442750829
1979-10-01,66.8161032905944
1979-11-01,68.1072357213306
1979-12-01,65.6325652290864
1980-01-01,72.0882273827670
1980-02-01,71.9806330135390
1980-03-01,60.7908186138259
1980-04-01,56.7022325831615
1980-05-01,55.6262888908814
1980-06-01,63.1578947368421
1980-07-01,67.0312920290505
1980-08-01,72.4110104904510
1980-09-01,79.2970501210437
1980-10-01,80.6957769210078
1980-11-01,82.5248811978840
1980-12-01,69.3983681520667
1981-01-01,76.8223796287994
1981-02-01,71.9806330135390
1981-03-01,71.5502555366269
1981-04-01,77.8983233210796
1981-05-01,82.0945037209719
1981-06-01,78.6514839056756
1981-07-01,79.7274275979557
1981-08-01,83.0628530440240
1981-09-01,78.6514839056756
1981-10-01,75.6388415672913
1981-11-01,67.2464807675065
1981-12-01,69.1831794136107
1982-01-01,76.3920021518874
1982-02-01,71.5502555366269
1982-03-01,66.7085089213664
1982-04-01,70.4743118443468
1982-05-01,72.6261992289070
1982-06-01,70.6895005828028
1982-07-01,70.3667174751188
1982-08-01,70.3667174751188
1982-09-01,74.5628978750112
1982-10-01,78.9742670133596
1982-11-01,77.5755402133955
1982-12-01,77.3603514749395
1983-01-01,75.7464359365193
1983-02-01,80.2653994440958
1983-03-01,86.9362503362324
1983-04-01,95.8665829821572
1983-05-01,100.3855464897340
1983-06-01,99.2020084282256
1983-07-01,99.8475746435936
1983-08-01,97.8032816282614
1983-09-01,96.7273379359814
1983-10-01,96.0817717206133
1983-11-01,98.0184703667175
1983-12-01,101.3538958127860
1984-01-01,107.7019635972380
1984-02-01,104.7969156280820
1984-03-01,108.6703129202900
1984-04-01,103.3981888281180
1984-05-01,105.5500762126780
1984-06-01,102.7526226127500
1984-07-01,103.9361606742580
1984-08-01,106.6260199049580
1984-09-01,108.5627185510620
1984-10-01,103.6133775665740
1984-11-01,102.9678113512060
1984-12-01,99.9551690128217
1985-01-01,103.2905944588900
1985-02-01,100.8159239666460
1985-03-01,100.8159239666460
1985-04-01,101.7842732896980
1985-05-01,98.7716309513136
1985-06-01,103.8285663050300
1985-07-01,101.1387070743300
1985-08-01,99.4171971666816
1985-09-01,99.0944140589976
1985-10-01,95.1134223975612
1985-11-01,97.8032816282614
1985-12-01,101.0311127051020
1986-01-01,102.8602169819780
1986-02-01,103.1830000896620
1986-03-01,102.3222451358380
1986-04-01,103.5057831973460
1986-05-01,101.9994620281540
1986-06-01,106.8412086434140
1986-07-01,105.1196987357660
1986-08-01,102.1070563973820
1986-09-01,98.8792253205416
1986-10-01,102.8602169819780
1986-11-01,98.3412534744015
1986-12-01,95.8665829821572
1987-01-01,97.2653097821214
1987-02-01,97.0501210436654
1987-03-01,97.6956872590334
1987-04-01,99.8475746435936
1987-05-01,98.0184703667175
1987-06-01,98.4488478436295
1987-07-01,100.8159239666460
1987-08-01,101.5690845512420
1987-09-01,100.7083295974180
1987-10-01,96.0817717206133
1987-11-01,89.4109208284766
1987-12-01,93.3919124899130
1988-01-01,97.6956872590334
1988-02-01,98.5564422128575
1988-03-01,101.7842732896980
1988-04-01,98.1260647359455
1988-05-01,101.9994620281540
1988-06-01,101.8918676589260
1988-07-01,100.4931408589620
1988-08-01,104.7969156280820
1988-09-01,104.6893212588540
1988-10-01,101.2463014435580
1988-11-01,100.0627633820500
1988-12-01,98.8792253205416
1989-01-01,105.3348874742220
1989-02-01,102.6450282435220
1989-03-01,101.4614901820140
1989-04-01,98.4488478436295
1989-05-01,97.5880928898054
1989-06-01,97.4804985205774
1989-07-01,98.9868196897696
1989-08-01,96.4045548282973
1989-09-01,103.0754057204340
1989-10-01,101.0311127051020
1989-11-01,97.8032816282614
1989-12-01,97.3729041513494
1990-01-01,100.0627633820500
1990-02-01,96.2969604590693
1990-03-01,98.2336591051735
1990-04-01,101.0311127051020
1990-05-01,97.4804985205774
1990-06-01,95.0058280283332
1990-07-01,94.8982336591052
1990-08-01,82.2020980902000
1990-09-01,78.3287007979916
1990-10-01,68.7528019366986
1990-11-01,71.0122836904869
1990-12-01,70.4743118443468
1991-01-01,71.8730386443110
1991-02-01,75.7464359365193
1991-03-01,94.3602618129651
1991-04-01,88.0121940285125
1991-05-01,84.2463911055322
1991-06-01,88.3349771361965
1991-07-01,89.1957320900206
1991-08-01,88.2273827669685
1991-09-01,89.3033264592486
1991-10-01,84.2463911055322
1991-11-01,74.3477091365552
1991-12-01,73.3793598135031
1992-01-01,72.6261992289070
1992-02-01,74.0249260288712
1992-03-01,81.7717206132879
1992-04-01,83.0628530440240
1992-05-01,85.2147404285842
1992-06-01,86.5058728593204
1992-07-01,82.4172868286560
1992-08-01,81.8793149825159
1992-09-01,81.3413431363759
1992-10-01,78.8666726441316
1992-11-01,91.7779969514929
1992-12-01,97.9108759974895
1993-01-01,96.0817717206133
1993-02-01,93.1767237514570
1993-03-01,92.4235631668609
1993-04-01,92.1007800591769
1993-05-01,86.3982784900924
1993-06-01,87.6894109208285
1993-07-01,82.8476643055680
1993-08-01,83.1704474132520
1993-09-01,83.8160136286201
1993-10-01,88.9805433515646
1993-11-01,87.3666278131444
1993-12-01,94.8982336591052
1994-01-01,101.4614901820140
1994-02-01,100.2779521205060
1994-03-01,98.4488478436295
1994-04-01,99.6323859051376
1994-05-01,99.8475746435936
1994-06-01,98.1260647359455
1994-07-01,95.7589886129293
1994-08-01,98.6640365820856
1994-09-01,98.4488478436295
1994-10-01,99.7399802743656
1994-11-01,98.5564422128575
1994-12-01,102.3222451358380
1995-01-01,105.0121043665380
1995-02-01,102.3222451358380
1995-03-01,97.1577154128934
1995-04-01,99.5247915359096
1995-05-01,96.6197435667534
1995-06-01,99.7399802743656
1995-07-01,101.5690845512420
1995-08-01,103.5057831973460
1995-09-01,95.6513942437013
1995-10-01,97.0501210436654
1995-11-01,94.8982336591052
1995-12-01,97.9108759974895
1996-01-01,96.0817717206133
1996-02-01,95.2210167667892
1996-03-01,100.8159239666460
1996-04-01,99.7399802743656
1996-05-01,96.1893660898413
1996-06-01,99.4171971666816
1996-07-01,101.8918676589260
1996-08-01,102.5374338742940
1996-09-01,101.8918676589260
1996-10-01,103.8285663050300
1996-11-01,106.7336142741860
1996-12-01,104.2589437819420
1997-01-01,104.7969156280820
1997-02-01,107.2715861203260
1997-03-01,107.5943692280100
1997-04-01,109.1006903972030
1997-05-01,111.0373890433070
1997-06-01,112.4361158432710
1997-07-01,115.2335694431990
1997-08-01,112.3285214740430
1997-09-01,114.0500313816910
1997-10-01,113.6196539047790
1997-11-01,115.3411638124270
1997-12-01,109.8538509817990
1998-01-01,114.6955975970590
1998-02-01,118.7841836277240
1998-03-01,114.5880032278310
1998-04-01,116.9550793508470
1998-05-01,114.5880032278310
1998-06-01,113.6196539047790
1998-07-01,113.1892764278670
1998-08-01,112.3285214740430
1998-09-01,108.5627185510620
1998-10-01,104.7969156280820
1998-11-01,110.4994171971670
1998-12-01,108.1323410741500
1999-01-01,111.7905496279030
1999-02-01,116.3095131354790
1999-03-01,113.7272482740070
1999-04-01,112.5437102124990
1999-05-01,114.9107863355150
1999-06-01,115.4487581816550
1999-07-01,114.0500313816910
1999-08-01,112.4361158432710
1999-09-01,115.3411638124270
1999-10-01,111.0373890433070
1999-11-01,115.3411638124270
1999-12-01,113.4044651663230
2000-01-01,120.5056935353720
2000-02-01,119.7525329507760
2000-03-01,115.2335694431990
2000-04-01,117.4930511969870
2000-05-01,119.1069667354080
2000-06-01,114.4804088586030
2000-07-01,116.5247018739350
2000-08-01,115.4487581816550
2000-09-01,114.9107863355150
2000-10-01,113.8348426432350
2000-11-01,115.7715412893390
2000-12-01,105.8728593203620
2001-01-01,101.8918676589260
2001-02-01,97.4804985205774
2001-03-01,98.4488478436295
2001-04-01,95.1134223975612
2001-05-01,98.9868196897696
2001-06-01,99.6323859051376
2001-07-01,99.4171971666816
2001-08-01,98.4488478436295
2001-09-01,88.0121940285125
2001-10-01,88.9805433515646
2001-11-01,90.2716757823007
2001-12-01,95.5437998744732
2002-01-01,100.0627633820500
2002-02-01,97.5880928898054
2002-03-01,102.9678113512060
2002-04-01,100.0627633820500
2002-05-01,104.2589437819420
2002-06-01,99.4171971666816
2002-07-01,94.7906392898772
2002-08-01,94.2526674437371
2002-09-01,92.6387519053170
2002-10-01,86.7210615977764
2002-11-01,90.5944588899848
2002-12-01,93.2843181206850
2003-01-01,88.6577602438806
2003-02-01,85.9679010131803
2003-03-01,83.4932305209360
2003-04-01,92.5311575360890
2003-05-01,99.0944140589976
2003-06-01,96.5121491975253
2003-07-01,97.8032816282614
2003-08-01,96.0817717206133
2003-09-01,94.3602618129651
2003-10-01,96.4045548282973
2003-11-01,100.8159239666460
2003-12-01,99.6323859051376
2004-01-01,111.6829552586750
2004-02-01,101.5690845512420
2004-03-01,103.0754057204340
2004-04-01,101.3538958127860
2004-05-01,97.0501210436654
2004-06-01,102.8602169819780
2004-07-01,104.0437550434860
2004-08-01,103.1830000896620
2004-09-01,101.3538958127860
2004-10-01,98.6640365820856
2004-11-01,99.8475746435936
2004-12-01,104.4741325203980
2005-01-01,102.7526226127500
2005-02-01,101.2463014435580
2005-03-01,99.6323859051376
2005-04-01,94.3602618129651
2005-05-01,93.4995068591410
2005-06-01,103.2905944588900
2005-07-01,103.8285663050300
2005-08-01,95.8665829821573
2005-09-01,82.7400699363400
2005-10-01,79.8350219671837
2005-11-01,87.7970052900565
2005-12-01,98.4488478436295
2006-01-01,98.1260647359455
2006-02-01,93.2843181206850
2006-03-01,95.6513942437013
2006-04-01,94.0374787052811
2006-05-01,85.1071460593562
2006-06-01,91.3476194745808
2006-07-01,91.1324307361248
2006-08-01,88.2273827669685
2006-09-01,91.8855913207209
2006-10-01,100.7083295974180
2006-11-01,99.0944140589976
2006-12-01,98.6640365820856
2007-01-01,104.2589437819420
2007-02-01,98.2336591051735
2007-03-01,95.1134223975612
2007-04-01,93.7146955975971
2007-05-01,95.0058280283332
2007-06-01,91.7779969514929
2007-07-01,97.2653097821214
2007-08-01,89.7337039361607
2007-09-01,89.7337039361607
2007-10-01,87.0438447054604
2007-11-01,81.8793149825159
2007-12-01,81.2337487671478
2008-01-01,84.3539854747602
2008-02-01,76.1768134134314
2008-03-01,74.7780866134672
2008-04-01,67.3540751367345
2008-05-01,64.3414327983502
2008-06-01,60.6832242445978
2008-07-01,65.8477539675424
2008-08-01,67.7844526136466
2008-09-01,75.6388415672913
2008-10-01,61.9743566753340
2008-11-01,59.4996861830898
2008-12-01,64.6642159060342
2009-01-01,65.8477539675424
2009-02-01,60.5756298753698
2009-03-01,61.6515735676500
2009-04-01,70.0439343674348
2009-05-01,73.9173316596432
2009-06-01,76.1768134134314
2009-07-01,71.0122836904869
2009-08-01,70.6895005828028
2009-09-01,79.0818613825876
2009-10-01,75.9616246749754
2009-11-01,72.5186048596790
2009-12-01,78.0059176903076
2010-01-01,80.0502107056397
2010-02-01,79.1894557518156
2010-03-01,79.1894557518156
2010-04-01,77.6831345826235
2010-05-01,79.1894557518156
2010-06-01,81.7717206132879
2010-07-01,72.9489823365911
2010-08-01,74.1325203980992
2010-09-01,73.3793598135031
2010-10-01,72.8413879673630
2010-11-01,77.0375683672554
2010-12-01,80.1578050748678
2011-01-01,79.8350219671837
2011-02-01,83.3856361517081
2011-03-01,72.6261992289070
2011-04-01,75.1008697211512
2011-05-01,79.9426163364117
2011-06-01,76.9299739980274
2011-07-01,68.5376131982426
2011-08-01,59.9300636600018
2011-09-01,63.9110553214382
2011-10-01,65.5249708598583
2011-11-01,68.9679906751547
2011-12-01,75.2084640903793
2012-01-01,80.6957769210078
2012-02-01,81.0185600286918
2012-03-01,81.9869093517439
2012-04-01,82.2020980902000
2012-05-01,85.3223347978122
2012-06-01,78.7590782749036
2012-07-01,77.7907289518515
2012-08-01,79.9426163364117
2012-09-01,84.2463911055322
2012-10-01,88.8729489823366
2012-11-01,88.9805433515646
2012-12-01,78.4362951672196
2013-01-01,79.4046444902717
2013-02-01,83.4932305209361
2013-03-01,84.5691742132162
2013-04-01,82.2020980902000
2013-05-01,90.9172419976688
2013-06-01,90.4868645207568
2013-07-01,91.5628082130368
2013-08-01,88.3349771361965
2013-09-01,83.3856361517081
2013-10-01,78.7590782749036
2013-11-01,80.8033712902358
2013-12-01,88.7653546131086
2014-01-01,87.3666278131444
2014-02-01,87.7970052900565
2014-03-01,86.0754953824083
2014-04-01,90.4868645207568
2014-05-01,88.1197883977405
2014-06-01,88.7653546131086
2014-07-01,87.4742221823724
2014-08-01,88.7653546131086
2014-09-01,91.0248363668968
2014-10-01,93.4995068591410
2014-11-01,95.5437998744732
2014-12-01,100.7083295974180
2015-01-01,105.5500762126780
2015-02-01,102.6450282435220
2015-03-01,100.0627633820500
2015-04-01,103.1830000896620
2015-05-01,97.5880928898054
2015-06-01,103.3981888281180
2015-07-01,100.1703577512780
2015-08-01,98.8792253205416
2015-09-01,93.8222899668251
2015-10-01,96.8349323052094
2015-11-01,98.2336591051735
2015-12-01,99.6323859051376
2016-01-01,98.9868196897696
2016-02-01,98.6640365820856
2016-03-01,97.9108759974895
2016-04-01,95.7589886129293
2016-05-01,101.8918676589260
2016-06-01,100.6007352281900
2016-07-01,96.8349323052094
2016-08-01,96.6197435667534
2016-09-01,98.1260647359455
2016-10-01,93.8222899668251
2016-11-01,100.9235183358740
2016-12-01,105.6576705819060
2017-01-01,105.9804536895900
2017-02-01,103.6133775665740
2017-03-01,104.2589437819420
2017-04-01,104.3665381511700
2017-05-01,104.4741325203980
2017-06-01,102.3222451358380
2017-07-01,100.4931408589620
2017-08-01,104.1513494127140
2017-09-01,102.3222451358380
2017-10-01,108.3475298126060
2017-11-01,105.9804536895900
2017-12-01,103.1830000896620
2018-01-01,102.9678113512060
2018-02-01,107.2715861203260
2018-03-01,109.1006903972030
2018-04-01,106.3032367972740
2018-05-01,105.4424818434500
2018-06-01,105.6576705819060
2018-07-01,105.3348874742220
2018-08-01,103.5057831973460
2018-09-01,107.7019635972380
2018-10-01,106.0880480588180
2018-11-01,104.9045099973100
2018-12-01,105.7652649511340
2019-01-01,98.1260647359455
2019-02-01,100.9235183358740
2019-03-01,105.8728593203620
2019-04-01,104.5817268896260
2019-05-01,107.5943692280100
2019-06-01,105.6576705819060
2019-07-01,105.8728593203620
2019-08-01,96.6197435667534
2019-09-01,100.2779521205060
2019-10-01,102.7526226127500
2019-11-01,104.1513494127140
2019-12-01,106.8412086434140
